200
15 910 956
16 467 505
6 474 480
32 371 404
40 768 824
21 911 953
8 611 635
35 740 799
24 189 245
16 746 771
35 327 374
13 100 141
15 461 511
23 625 678
15 865 909
30 43 109
28 265 314
4 805 841
17 768 815
34 284 356
10 942 960
20 365 408
23 650 691
17 685 739
21 280 310
3 804 815
33 841 902
11 292 327
12 449 491
33 288 325
32 493 538
32 635 687
36 259 311
23 754 791
19 794 841
28 548 578
15 363 387
39 465 538
5 430 459
11 397 435
2 885 907
19 490 509
35 727 771
24 928 975
27 785 831
35 299 339
16 414 454
17 89 119
5 721 758
11 141 179
37 431 498
7 474 514
1 472 497
35 106 156
31 109 145
24 273 297
23 541 600
19 512 566
40 814 879
27 687 754
17 793 836
27 46 97
13 19 58
21 625 665
14 977 1018
32 416 472
7 565 575
22 431 466
33 554 623
17 46 81
4 404 429
19 524 561
29 103 132
35 99 170
22 122 155
21 180 201
14 362 383
29 445 501
19 624 653
16 705 756
16 118 151
6 481 493
35 295 354
30 37 102
25 581 613
15 742 770
21 887 936
31 876 940
21 372 395
24 249 294
35 731 803
26 574 606
28 374 405
7 467 490
24 328 384
5 567 599
35 199 241
4 826 852
39 675 743
25 97 149
18 457 510
24 707 734
14 258 282
18 404 427
36 461 536
8 631 643
8 100 132
35 101 157
3 708 746
40 653 730
40 635 700
23 819 844
30 612 658
13 833 868
2 297 314
2 41 54
22 475 528
12 706 742
25 768 798
29 958 993
40 253 322
6 413 420
30 782 816
39 33 79
12 38 63
8 553 568
20 874 902
11 360 388
2 494 531
7 279 301
15 704 745
40 259 316
19 494 544
24 256 294
28 971 1031
21 135 162
21 946 996
7 614 633
24 300 352
7 674 716
36 371 428
16 513 529
17 892 939
11 443 490
14 338 379
1 636 665
25 685 733
5 265 282
35 893 962
12 16 40
12 815 857
13 217 245
9 782 800
40 440 495
15 567 613
2 768 795
23 648 703
4 949 988
36 94 154
18 631 673
18 481 526
27 463 490
23 331 371
26 157 195
14 672 690
30 104 134
34 53 90
36 85 154
15 585 622
10 886 897
10 814 839
5 585 601
18 135 180
8 818 827
22 316 355
14 464 498
18 244 266
9 67 76
15 419 445
40 127 184
12 592 621
5 337 369
5 191 211
20 207 241
24 188 230
32 216 251
21 201 222
8 778 794
39 412 467
16 927 981
28 210 244
7 721 753
40 249 309
35 392 464
19 917 935
39 631 684
23 906 944
21 463 494
27 494 546
14 957 991
