150
1 239 256
25 256 305
30 409 466
29 497 527
9 31 49
15 55 77
1 212 223
8 209 241
25 85 119
10 87 113
6 193 226
28 387 422
30 461 509
8 181 214
21 439 482
10 451 480
16 262 278
6 570 580
8 191 222
29 438 485
15 446 490
11 69 95
7 210 224
18 81 117
5 78 110
9 231 243
7 393 422
21 287 327
24 555 599
10 90 118
2 535 541
11 214 248
25 212 251
18 536 575
3 359 388
25 101 151
8 65 95
22 251 284
20 279 316
2 26 44
22 574 603
23 80 125
4 510 525
6 296 307
16 338 375
20 242 269
8 355 381
2 361 369
11 231 261
7 531 548
21 527 575
26 129 173
5 22 40
5 385 400
21 361 406
12 14 51
11 464 484
4 171 179
16 262 307
22 218 241
1 80 89
2 343 360
6 72 106
8 413 435
30 544 581
17 397 441
26 18 61
4 342 368
28 240 289
18 181 220
25 230 275
15 429 457
9 135 153
28 9 38
30 281 317
14 209 224
29 550 608
23 332 382
24 161 207
8 254 275
23 294 326
28 450 487
3 474 500
11 442 456
12 556 582
28 249 287
28 35 68
12 244 285
20 18 58
13 189 227
7 55 71
26 312 350
29 407 441
20 479 510
24 364 389
12 75 102
9 427 454
18 515 553
28 170 219
21 359 397
17 67 98
26 430 477
26 539 573
15 467 505
4 144 163
27 515 552
9 412 424
29 431 466
28 522 577
28 570 616
5 455 481
10 551 567
3 428 436
1 426 437
21 342 379
25 48 96
22 287 324
18 47 84
19 275 318
24 138 184
12 206 233
6 192 210
7 167 199
7 468 497
3 544 554
21 336 359
9 441 450
11 74 107
27 63 113
10 50 74
27 200 235
4 453 460
18 5 22
25 220 244
13 30 66
20 281 312
24 329 378
10 425 460
29 141 182
7 459 494
12 255 267
21 21 66
7 140 172
14 440 481
30 152 210
20 497 543
15 301 319
20 399 439
22 555 595
21 159 183
