300
1 173 227
57 1874 1985
52 1054 1123
50 1254 1314
6 1345 1398
13 1066 1128
46 1858 1920
16 7 71
54 1303 1376
18 1261 1329
45 1363 1466
37 1616 1660
44 115 187
49 1365 1439
18 2038 2098
45 1336 1388
9 1062 1125
37 1993 2073
27 1767 1824
12 415 466
41 916 991
1 1928 1951
41 1262 1311
28 1712 1759
1 1851 1884
55 5 89
47 1276 1353
55 1425 1497
54 1890 1948
13 1374 1426
41 2200 2253
56 1983 2066
4 1723 1783
2 1174 1180
9 1041 1078
28 1866 1906
55 2059 2140
27 1237 1300
35 2065 2136
34 1216 1256
3 1602 1632
54 1738 1832
22 2177 2240
30 2044 2116
21 2025 2064
26 1448 1483
58 2231 2337
25 310 364
38 1619 1679
6 536 601
39 1008 1106
26 417 488
56 399 463
1 570 595
33 1516 1555
44 2114 2177
60 2240 2335
8 970 1025
34 1032 1091
55 727 788
10 1418 1436
35 2061 2144
7 1986 2025
25 1558 1612
20 689 737
33 1009 1061
17 1520 1538
26 570 608
24 1951 2022
34 1800 1853
34 905 969
26 1453 1486
46 1555 1657
37 2179 2229
53 442 495
31 807 880
24 1379 1432
56 846 916
52 1315 1416
19 2031 2062
41 1644 1714
6 353 409
2 1434 1479
32 741 826
18 1994 2040
60 1170 1245
44 971 1023
47 540 607
13 1286 1346
9 555 621
12 1254 1292
32 476 535
37 1833 1929
25 725 768
8 1426 1480
12 1169 1208
32 1381 1468
41 6 49
54 742 799
32 404 483
54 1556 1666
16 1048 1090
45 2228 2304
48 1448 1547
16 1259 1293
57 1184 1280
24 490 551
3 2089 2135
52 1757 1821
45 97 154
5 122 166
48 782 840
60 1283 1390
59 629 691
58 712 795
49 452 506
18 15 85
19 632 678
52 1192 1292
5 1147 1153
33 1666 1699
13 367 410
57 912 982
59 783 880
7 2174 2222
47 2057 2154
33 1248 1338
5 217 249
13 140 169
25 901 948
44 1054 1133
27 760 803
46 1732 1837
4 299 353
10 2103 2116
10 2224 2286
4 1995 2008
58 1614 1713
1 1110 1134
5 197 240
20 68 114
25 510 549
39 411 507
12 577 612
48 2061 2117
8 2101 2113
15 821 866
23 592 659
11 1642 1694
4 361 394
39 541 603
57 136 210
33 442 477
33 1224 1307
42 366 445
25 576 616
2 1765 1768
30 832 903
25 902 986
13 830 860
8 1564 1604
3 1901 1962
34 1336 1387
12 243 293
45 671 742
22 990 1024
46 678 783
40 371 456
33 154 235
32 116 170
29 86 160
4 29 33
2 1150 1205
31 383 472
29 467 518
52 542 629
18 1584 1624
30 1963 2032
55 350 424
43 1701 1769
16 624 648
54 43 99
39 203 276
54 1408 1496
30 1988 2065
31 305 343
38 1947 1987
57 2136 2250
6 1561 1569
29 915 980
52 2087 2178
18 550 584
17 99 147
32 1908 1995
42 261 357
2 2036 2054
36 802 883
12 1797 1815
11 1535 1590
11 458 513
6 810 870
20 2078 2131
34 2066 2144
23 913 944
19 1904 1955
19 2141 2172
39 615 665
47 1688 1786
49 144 209
34 1452 1537
51 620 713
17 1430 1457
20 2110 2140
27 829 877
41 1835 1933
57 908 984
8 1085 1106
24 1557 1612
25 2124 2190
58 1994 2060
28 672 758
33 170 253
18 439 489
48 867 917
25 1899 1954
55 1163 1237
31 1557 1606
15 870 931
33 1750 1836
11 59 125
1 1368 1407
50 1416 1470
3 2056 2103
28 1520 1572
21 278 319
40 174 238
5 1847 1857
60 918 993
19 1132 1202
55 1476 1554
37 1319 1398
35 1887 1981
53 1379 1461
16 1737 1753
23 1923 1988
19 44 82
42 69 165
35 899 991
35 1702 1783
29 981 1034
37 339 428
56 874 933
31 1301 1345
57 1169 1251
27 1414 1476
17 27 96
46 1026 1122
29 586 647
42 643 711
8 127 138
33 2211 2287
9 1373 1395
58 1566 1671
22 1714 1745
17 1712 1731
45 832 903
58 1002 1075
36 2217 2288
50 2179 2278
45 1048 1115
36 689 728
52 1795 1893
49 2053 2131
14 35 56
6 62 82
37 413 497
24 419 453
46 330 396
10 572 590
49 1242 1292
57 482 551
40 46 95
24 796 869
48 155 222
18 1348 1418
50 2123 2195
4 1743 1786
50 274 331
45 1734 1817
48 1880 1944
39 776 837
20 648 690
2 1904 1943
55 392 483
7 893 928
12 1574 1604
22 1949 1972
15 1293 1318
43 1653 1743
22 478 504
