100
11 219 235
8 141 159
9 21 37
19 224 246
18 144 174
19 44 70
6 173 194
6 231 255
7 122 145
13 78 91
1 53 73
1 168 170
19 164 185
4 36 42
17 85 109
19 149 175
8 16 35
4 218 239
10 59 69
8 170 191
13 29 56
14 207 239
3 153 161
2 66 86
20 183 218
6 114 138
2 197 217
14 173 186
11 16 38
19 212 231
18 191 211
18 215 237
11 141 169
5 50 61
3 10 18
8 188 198
13 72 94
10 173 191
15 97 119
8 30 54
15 103 126
11 53 75
6 71 94
17 211 245
15 170 187
10 33 59
7 71 79
3 21 38
9 119 131
19 141 164
2 191 197
4 126 136
3 88 98
3 27 48
9 46 74
12 181 196
20 158 179
2 124 131
14 210 228
7 200 217
12 17 34
7 170 188
11 152 165
3 80 95
10 57 80
18 7 37
6 197 221
9 51 73
16 196 225
4 67 71
1 14 29
13 13 45
4 58 68
18 199 235
7 4 13
17 145 181
3 74 94
20 111 137
2 66 80
6 87 106
14 213 240
14 113 127
20 223 256
7 44 55
12 190 215
10 2 23
10 64 86
3 51 70
11 174 188
5 231 255
3 199 220
6 117 124
11 132 143
4 66 83
11 183 201
4 103 119
15 71 90
19 160 180
3 91 113
12 99 118
