500
76 6111 6222
24 3129 3222
92 1425 1565
21 5952 5978
27 2108 2199
11 5358 5394
12 5469 5492
84 85 207
75 3843 3983
70 6155 6284
67 6179 6329
28 3584 3621
35 3042 3149
15 4626 4677
16 1969 2041
6 2284 2295
77 5049 5208
58 5018 5118
7 5780 5844
51 5582 5691
60 1908 2052
50 2652 2735
99 6190 6299
28 3239 3332
45 3596 3673
3 1863 1966
50 6378 6513
90 2366 2529
85 1237 1324
50 1448 1498
34 4030 4129
56 5022 5170
61 106 182
2 5314 5391
25 5511 5545
26 3981 4074
14 6238 6281
56 3238 3337
22 6328 6437
74 5873 6030
98 4140 4271
81 3943 4028
62 1215 1343
77 3320 3473
46 1526 1642
44 5853 5917
54 177 264
73 2324 2453
80 1476 1616
73 1347 1476
26 3594 3663
25 3585 3665
3 60 136
39 548 659
62 2725 2800
99 1698 1880
98 1616 1754
37 2862 2964
48 594 698
97 4921 5063
34 3656 3711
95 1342 1455
72 3525 3613
98 633 778
9 364 447
84 5832 5989
39 1716 1831
6 2405 2489
63 3791 3862
63 2664 2797
66 722 844
94 50 164
8 3367 3412
6 4583 4644
26 6118 6151
52 2642 2754
62 6113 6222
96 1108 1219
56 6389 6521
74 2419 2586
23 6362 6432
51 2293 2352
83 5566 5743
85 4565 4677
97 2529 2665
82 5121 5294
26 3201 3228
95 4234 4354
14 827 884
99 2052 2158
2 604 614
50 1615 1710
81 882 1032
98 6083 6203
13 455 512
76 1036 1208
82 5094 5245
37 5257 5295
41 1195 1318
35 369 483
78 2375 2478
22 2449 2506
83 3209 3322
90 3488 3649
81 5302 5463
4 1783 1791
90 4895 5084
70 153 322
86 5543 5676
83 4760 4876
10 260 288
75 5184 5265
54 1149 1274
47 2852 2942
48 3235 3362
56 6040 6189
86 452 542
60 3635 3766
74 2780 2943
100 6357 6521
31 870 954
18 2158 2208
65 6254 6335
37 6415 6535
34 298 377
89 3783 3964
87 3843 3963
83 1960 2138
66 2367 2524
24 3320 3435
43 2224 2340
98 5532 5657
28 4589 4631
94 4258 4430
69 4720 4838
74 2152 2319
41 3760 3861
66 316 387
78 3939 4045
66 5422 5505
65 4902 5041
29 1286 1399
82 3367 3509
4 743 838
62 30 163
100 96 278
69 5142 5267
7 2707 2721
24 1087 1134
30 5529 5591
63 5260 5396
96 6135 6309
36 716 844
15 5952 6065
77 4175 4260
34 4893 5001
29 870 901
19 1470 1517
29 1429 1465
65 6195 6329
91 2616 2759
80 1173 1338
78 2463 2628
36 461 533
13 775 829
85 5842 5998
21 5271 5365
33 1566 1674
51 2808 2933
47 5759 5873
88 518 620
93 4813 4986
55 4372 4452
81 2034 2169
8 6130 6210
76 4260 4385
9 3467 3529
35 3750 3790
48 4623 4764
8 4877 4929
94 3317 3428
53 5813 5873
33 5549 5634
9 1514 1564
34 2736 2869
21 765 861
36 3054 3106
86 3313 3496
91 4759 4901
9 4503 4568
18 5957 6048
95 528 637
10 3563 3652
86 2421 2545
48 1045 1138
58 1967 2095
24 3499 3601
19 1144 1168
64 4644 4740
50 5301 5432
53 5940 6082
8 1814 1885
29 4575 4618
50 4 91
15 3249 3264
43 5123 5241
14 1 50
28 3358 3406
80 4497 4585
74 4591 4705
98 6102 6203
68 1797 1941
44 1523 1583
95 1227 1367
44 1116 1194
11 1479 1517
21 301 334
42 5625 5694
75 2401 2494
65 4686 4798
23 1027 1086
8 196 261
16 1483 1504
16 2981 2996
2 4478 4556
66 4666 4814
57 5926 6064
42 190 299
6 5664 5760
23 2402 2508
25 5437 5515
63 562 654
44 3781 3880
71 3998 4163
28 3614 3677
59 6179 6273
97 5914 6085
56 3783 3936
67 2941 3031
64 2289 2359
80 5440 5541
81 4372 4530
79 3492 3641
90 4844 5026
83 3077 3195
23 2399 2499
25 3682 3784
88 574 677
16 5981 6081
11 4242 4252
11 6342 6392
55 2550 2637
17 3419 3504
72 4634 4771
100 2513 2639
18 3982 4014
66 5007 5112
86 6270 6452
21 202 266
22 3259 3380
60 3873 4006
45 4487 4582
95 2370 2476
31 334 370
22 3830 3920
9 3778 3842
97 2691 2791
46 2200 2251
40 2289 2421
58 6051 6190
87 241 362
38 1193 1328
48 922 1056
85 4787 4966
58 3922 3988
15 1331 1386
2 1380 1450
99 1314 1507
6 4579 4631
52 318 449
15 5660 5760
42 3590 3680
99 5323 5485
69 6098 6239
85 735 847
43 1125 1170
19 1819 1880
45 3823 3939
44 6162 6254
83 4308 4393
66 5847 5991
84 4320 4464
8 1820 1863
19 4358 4382
77 3092 3183
9 5629 5689
59 240 346
22 1396 1464
42 5691 5736
47 3975 4084
99 4383 4538
52 6157 6264
21 2961 2987
31 4606 4722
96 2240 2383
45 3388 3456
80 6304 6412
6 3307 3369
88 5389 5514
58 5858 5983
89 841 956
40 1932 1997
54 6367 6451
42 4560 4647
80 2275 2449
91 4959 5057
19 3840 3927
100 947 1068
18 4275 4353
52 943 1043
64 197 354
26 3545 3583
75 715 827
30 2658 2758
65 4879 5029
76 597 728
4 4049 4095
3 1240 1305
81 6371 6513
23 2969 3030
30 5766 5870
54 4660 4717
30 300 401
32 5280 5377
26 610 642
36 4179 4227
94 5305 5423
41 5392 5494
46 2097 2149
13 2024 2122
37 5935 6026
86 3188 3342
30 3110 3156
59 4980 5101
68 1705 1830
100 2154 2286
4 2629 2643
39 1936 2047
12 321 425
60 2809 2957
63 27 155
32 3969 4009
76 1798 1941
63 2986 3086
57 2017 2123
47 5515 5586
50 3681 3829
64 4979 5059
39 4403 4523
93 6318 6484
15 4015 4091
51 3302 3399
98 1612 1786
38 659 777
2 4767 4844
9 857 870
83 6308 6426
95 5763 5904
90 2188 2298
18 2772 2853
70 4330 4463
51 3124 3264
27 3526 3649
78 489 624
88 6122 6285
50 1685 1743
69 5111 5257
89 411 556
36 5628 5758
39 964 1036
46 2645 2716
38 351 441
64 5595 5711
94 1801 1949
33 1180 1268
71 36 153
51 1100 1168
40 1990 2046
48 1502 1647
52 6209 6324
58 5173 5328
3 5002 5095
75 5665 5801
25 455 494
71 2685 2761
59 871 1019
62 6252 6387
65 690 771
30 4888 4988
32 5524 5591
90 522 690
82 1542 1668
22 4424 4480
67 2225 2302
63 3155 3224
85 1579 1721
78 5119 5290
71 5984 6147
48 1540 1631
80 5007 5111
51 5080 5159
34 1509 1566
2 4026 4032
74 1678 1780
21 1912 1961
50 1902 2042
60 2383 2519
77 4487 4567
79 4155 4240
4 2970 2983
31 4433 4532
16 2557 2573
20 2500 2551
11 654 704
33 2275 2355
40 4004 4099
49 2135 2193
75 1310 1448
80 2480 2593
2 3489 3558
62 110 186
77 2659 2779
32 198 299
76 4780 4898
22 5118 5176
37 5779 5878
89 602 692
70 1609 1701
5 3322 3356
21 4277 4377
65 6031 6131
53 6229 6288
65 5125 5245
41 1170 1266
74 5805 5895
97 1903 2054
75 5652 5793
75 2226 2314
78 3219 3363
94 5459 5649
73 3165 3331
58 3 112
60 1211 1362
99 156 297
74 5767 5889
47 2641 2747
35 3718 3848
84 2008 2168
8 4626 4677
96 3827 3954
10 4120 4159
76 2047 2135
64 1743 1847
20 2727 2803
91 3136 3318
48 659 773
75 5986 6097
99 3922 4064
25 1236 1334
58 809 914
34 5976 6081
62 5450 5548
46 5841 5941
31 4554 4594
12 1616 1683
52 2879 2974
24 2107 2158
52 6006 6115
10 5963 5978
9 5048 5131
38 3028 3136
47 4584 4710
71 2767 2914
59 1698 1774
3 5001 5058
77 4783 4904
90 6124 6247
7 4718 4732
75 3689 3839
48 715 822
74 300 423
78 3270 3354
36 1659 1754
81 4171 4332
84 4833 4948
62 2222 2289
62 2725 2834
19 637 735
23 2710 2779
100 3385 3515
