450
55 1138 1276
17 4364 4469
53 2186 2268
42 2022 2127
73 417 561
86 503 623
57 2499 2619
15 4532 4595
88 1560 1669
52 785 841
40 498 556
5 4265 4340
19 1311 1356
42 2969 3030
58 1170 1233
42 4697 4774
68 2349 2490
2 3687 3747
26 227 293
63 4632 4775
31 4541 4595
78 2504 2599
86 2071 2169
64 3855 3974
27 1652 1695
1 4547 4566
61 1193 1266
88 3459 3583
49 4276 4334
58 399 474
26 432 504
84 4232 4358
85 3533 3649
30 3012 3066
77 3260 3406
16 1089 1150
53 3998 4068
75 4897 4982
28 660 771
90 4769 4872
7 662 687
16 824 870
78 2602 2704
42 2459 2590
9 2086 2142
21 2769 2876
57 3203 3265
90 4498 4629
49 1380 1469
40 2040 2102
70 3046 3161
67 2423 2514
35 2744 2836
85 4336 4469
63 681 800
42 2264 2355
86 926 1072
55 1960 2062
81 3999 4109
48 4496 4580
90 2939 3035
35 2669 2714
32 3884 3939
6 4790 4873
3 3982 4015
22 4891 4962
75 4361 4459
55 1928 2058
30 3339 3393
18 3710 3761
55 4328 4385
59 1081 1186
40 1661 1748
3 4084 4095
33 2603 2680
81 2350 2497
66 3531 3663
20 3242 3347
31 402 513
73 2512 2587
10 4973 5069
37 324 405
15 713 797
75 870 1005
54 982 1082
24 1638 1668
26 121 203
66 2827 2947
33 964 1038
11 4625 4639
85 3793 3936
64 671 777
60 4527 4641
46 4789 4865
65 463 609
37 1623 1741
50 569 699
49 1441 1509
15 2106 2164
53 825 948
11 2038 2095
68 4903 4974
36 4789 4825
7 1299 1386
51 1341 1395
76 598 746
3 4392 4444
8 2289 2329
29 366 471
48 1960 2071
42 2362 2460
42 1313 1404
90 192 321
74 120 204
14 3152 3189
29 1248 1312
86 589 689
22 1648 1706
17 2441 2473
45 977 1028
62 3402 3531
76 167 284
88 4594 4699
85 2343 2431
89 3546 3683
57 2290 2379
65 184 313
60 501 561
3 2254 2258
61 4609 4707
7 414 480
83 723 836
71 4765 4861
44 3206 3333
38 4103 4170
7 3699 3773
67 4161 4254
74 3043 3179
1 3158 3198
44 4013 4103
87 876 993
83 1462 1552
13 1093 1158
51 2633 2735
35 896 951
19 1113 1214
40 4108 4224
52 3040 3118
8 271 359
12 2844 2886
17 4662 4730
4 2550 2581
8 2628 2714
37 4758 4814
57 1051 1185
1 503 583
47 3939 4043
17 1079 1166
74 1382 1471
60 2681 2784
78 4043 4201
9 2524 2565
71 3663 3750
34 4382 4439
18 179 273
26 271 306
38 178 221
22 615 666
13 4642 4709
73 3081 3183
28 716 826
78 1175 1278
88 2119 2276
39 2057 2138
24 3730 3803
45 573 661
39 2703 2804
13 594 646
26 79 162
46 1066 1151
82 1811 1923
79 773 873
28 3859 3970
57 3039 3140
20 3576 3655
69 1493 1577
51 1724 1800
10 3636 3725
53 788 919
12 2233 2269
26 3390 3498
26 1715 1771
66 294 390
7 4106 4182
32 3599 3670
54 1981 2106
78 1428 1570
45 340 397
9 1087 1144
75 4254 4414
47 4564 4671
84 2127 2240
15 2027 2087
1 818 853
50 761 832
5 2120 2134
72 4060 4163
34 4200 4254
79 4657 4779
78 4107 4203
29 1429 1546
10 1978 1990
57 4629 4772
4 3945 3998
44 4499 4629
65 1903 2010
47 2294 2362
80 4253 4378
80 4436 4552
15 2315 2374
40 2176 2274
4 171 175
35 3456 3515
66 1042 1122
23 3321 3364
68 2631 2733
78 4510 4657
57 1642 1772
73 2087 2235
36 383 469
33 2775 2858
59 996 1089
70 3136 3270
17 4450 4512
64 131 248
64 3313 3451
40 2376 2464
3 1674 1710
73 911 990
81 89 203
63 1062 1182
83 1153 1314
87 2608 2714
41 310 395
50 4433 4491
82 45 190
35 715 767
38 4975 5066
29 3236 3321
33 329 432
72 3316 3422
64 803 870
32 4530 4609
60 2401 2538
11 711 732
20 3026 3088
25 2300 2403
15 4614 4644
44 1127 1257
48 1760 1866
83 1239 1335
80 1051 1162
27 746 790
19 2907 2992
21 4961 5023
35 4062 4135
7 2471 2488
16 3808 3847
6 2447 2522
46 4815 4946
1 3157 3224
20 4250 4331
73 1975 2070
64 2980 3121
18 4883 4960
23 4652 4728
73 1193 1318
60 1779 1892
82 238 399
7 1909 1946
9 548 559
15 3165 3269
5 2035 2040
16 392 485
30 696 815
35 604 670
4 95 159
75 4365 4500
72 2372 2462
20 734 838
15 4643 4726
1 1391 1408
25 4176 4220
1 2781 2802
65 2479 2546
48 3640 3699
32 4037 4112
44 3329 3400
86 3974 4136
80 4000 4124
52 1203 1291
85 536 687
9 1161 1226
48 2051 2143
9 801 887
28 2695 2769
57 2457 2568
33 183 260
18 1147 1167
54 4685 4768
13 467 542
31 4150 4188
88 3009 3107
14 2847 2899
15 4840 4896
43 1703 1834
52 2645 2711
77 3983 4073
55 844 949
52 2990 3125
7 2600 2658
87 1735 1846
10 69 157
51 346 456
8 3801 3898
66 399 498
61 3703 3789
48 2824 2946
65 4130 4253
36 4872 4939
57 4244 4384
5 1492 1506
40 1434 1525
68 4863 4949
21 4335 4423
79 3641 3729
73 637 725
22 3613 3665
73 3220 3366
68 1630 1723
44 1776 1870
37 3541 3578
33 1851 1925
84 1316 1462
73 3896 3974
50 4122 4216
68 2012 2159
77 4959 5089
52 1569 1674
87 4405 4570
62 4624 4756
21 3683 3717
54 1118 1223
10 4613 4689
50 34 148
30 3097 3213
52 4097 4209
24 4444 4539
17 1879 1923
8 4031 4067
32 2622 2659
75 3263 3390
34 4679 4770
49 4900 4992
63 4070 4152
74 2603 2714
56 1349 1435
86 1775 1925
59 2141 2244
2 4828 4845
37 4696 4787
5 2661 2724
70 4393 4475
54 2843 2904
73 4843 4933
36 2688 2759
31 3514 3600
81 2382 2553
44 79 159
24 3308 3360
64 2017 2106
50 2373 2468
61 4883 4951
44 3354 3451
39 3877 3951
13 4190 4256
17 4004 4051
6 450 514
84 3462 3573
56 4867 4978
3 3174 3199
25 4818 4860
72 367 513
41 2818 2888
12 2637 2652
35 2142 2248
69 2492 2575
50 580 700
87 875 988
65 4922 5029
60 1406 1552
48 3866 4002
84 1450 1616
27 370 417
27 3339 3371
33 596 714
17 2920 3010
66 1904 1997
3 3399 3434
79 975 1067
66 3212 3291
37 348 428
46 2998 3061
59 2200 2331
10 648 732
48 3878 3959
80 2009 2117
56 4954 5087
76 4652 4810
26 3509 3575
33 2229 2340
26 4528 4600
68 1941 2030
68 903 1034
64 288 419
78 3507 3605
89 927 1072
5 208 269
18 3835 3930
15 1333 1368
33 3825 3861
47 1567 1671
60 140 246
45 3782 3895
30 535 579
82 1780 1872
32 4552 4619
10 3146 3215
84 3644 3758
72 1914 2009
62 4900 5013
17 733 826
70 680 758
71 1120 1277
57 288 369
32 1459 1542
45 453 571
79 1796 1950
7 803 838
29 2389 2461
