350
22 1123 1166
54 852 917
12 944 1024
2 2659 2730
60 380 508
6 2296 2339
15 2224 2242
21 2257 2315
16 379 435
13 2821 2842
39 1657 1748
3 1205 1212
52 1930 2031
33 4 96
40 2419 2465
49 1917 1966
69 2274 2391
26 2557 2648
63 1773 1841
39 217 306
23 199 273
4 171 203
66 593 670
61 1391 1473
60 2195 2267
53 1292 1371
48 813 922
33 2938 2974
25 298 383
4 2186 2222
4 1612 1681
24 98 160
10 144 164
54 959 1065
69 2891 3010
13 82 95
42 3048 3152
5 856 891
66 207 308
18 2745 2770
34 1686 1789
16 449 532
45 1120 1196
23 551 620
2 922 971
3 873 942
20 2202 2242
9 1924 1944
24 1691 1776
31 2442 2530
32 639 734
17 904 963
30 170 223
65 709 778
44 2981 3091
69 114 233
39 2485 2581
2 1779 1814
63 2691 2797
59 1314 1402
9 645 687
33 1512 1603
48 1120 1202
63 418 547
61 371 501
66 720 788
44 223 318
49 133 236
15 2403 2484
9 1499 1570
58 1095 1218
46 580 630
11 1512 1540
26 1254 1335
56 757 851
59 1976 2075
11 1277 1341
25 2269 2314
41 2695 2766
38 484 525
14 1316 1393
21 1115 1173
61 409 537
45 82 187
24 709 758
37 2935 2982
46 2154 2201
66 1662 1790
62 204 308
52 1939 2047
25 2887 2913
21 431 468
63 391 497
58 1119 1241
60 1262 1353
52 2400 2520
19 1555 1595
33 2927 2983
14 2406 2454
56 2428 2517
10 2876 2888
23 1230 1275
45 1747 1794
66 2418 2540
24 509 581
37 2284 2368
58 1618 1687
55 1142 1222
60 2178 2261
36 167 216
39 1064 1157
66 2442 2531
13 1310 1382
7 1369 1402
27 2224 2273
40 1756 1848
23 264 335
54 200 284
21 1935 1984
5 2726 2777
2 792 851
29 787 861
38 2156 2263
14 2690 2771
36 838 921
19 2890 2945
34 2415 2467
4 2619 2633
17 2217 2246
55 582 664
21 2648 2674
30 576 622
62 2088 2194
36 2493 2583
10 2898 2965
42 2312 2382
27 1594 1643
46 218 331
3 1800 1870
38 651 723
31 479 565
43 174 249
58 1710 1794
7 2263 2286
64 37 160
10 2671 2716
60 1348 1420
38 1248 1289
13 1121 1162
2 1733 1769
11 1298 1315
17 517 581
63 154 268
61 1906 2011
36 798 866
32 1251 1296
36 1301 1347
13 1283 1356
12 742 819
56 2909 3035
54 2095 2165
36 1225 1318
19 1151 1170
56 757 866
67 2809 2940
61 2714 2799
56 2580 2671
29 1042 1133
48 697 772
36 2138 2225
65 2388 2470
29 2272 2339
32 626 678
34 446 531
25 1410 1481
11 2844 2866
23 1304 1332
13 2118 2170
1 1815 1881
7 393 400
10 704 724
48 329 378
42 660 741
67 2711 2811
26 1510 1544
56 1293 1364
18 2647 2688
52 2408 2517
51 858 917
29 809 868
58 173 235
66 2537 2621
15 1702 1775
68 1117 1239
35 782 822
46 1480 1581
5 1249 1273
53 114 197
62 1680 1751
55 2613 2690
6 2318 2379
13 2531 2552
41 2778 2851
28 1209 1271
58 1571 1633
33 1252 1310
36 2117 2166
11 1935 2002
17 2722 2794
7 179 195
60 2173 2298
4 1409 1440
63 1694 1810
57 2575 2684
28 1367 1441
58 928 987
45 2791 2842
3 667 693
11 1473 1517
62 678 776
25 2293 2375
55 2397 2488
29 2411 2480
1 2113 2168
30 1127 1190
50 2076 2183
65 2796 2898
16 1735 1773
50 1889 1972
31 2156 2235
57 757 863
21 352 405
3 2664 2684
68 1428 1525
52 301 354
49 399 507
58 2842 2925
65 1677 1804
60 301 378
45 2484 2568
2 1402 1461
58 2939 3020
17 1912 1987
26 2904 2986
20 862 904
35 990 1059
54 5 81
10 1354 1426
22 1976 2063
28 2081 2169
52 914 1003
53 2808 2914
23 867 944
51 164 244
12 2547 2579
2 2146 2156
35 2346 2406
22 2890 2948
50 2308 2415
59 1721 1784
20 682 747
1 2607 2657
12 2271 2294
38 2792 2893
1 1648 1665
21 983 1024
53 971 1090
46 2492 2549
56 1435 1530
30 129 204
51 312 396
31 277 377
64 2592 2719
18 1215 1284
42 1503 1579
18 1580 1619
20 2711 2765
55 1733 1828
32 413 464
47 2363 2464
47 1233 1302
36 604 671
46 1986 2045
4 2035 2067
30 403 501
56 175 283
49 1711 1795
3 1662 1710
38 1107 1210
32 381 462
66 279 365
18 2178 2241
67 1594 1723
53 806 928
6 964 1021
52 1021 1138
28 2894 2991
30 1346 1428
6 418 451
51 2105 2214
33 2245 2303
60 2803 2930
6 2144 2160
43 1009 1059
28 931 973
3 2864 2891
40 2443 2529
57 1877 1994
61 887 999
45 128 230
34 1661 1725
31 2840 2912
41 1639 1684
54 2171 2285
63 2715 2816
35 2304 2339
7 2848 2877
59 2463 2560
60 1551 1662
66 635 722
23 1498 1563
32 1535 1575
60 547 609
5 216 267
15 2076 2103
15 360 419
16 908 988
63 947 1061
63 2477 2597
41 2708 2775
41 913 962
41 527 607
30 477 507
33 534 584
65 2343 2426
39 655 706
12 686 706
54 139 256
27 266 294
9 2830 2869
67 3023 3152
44 2060 2134
64 3001 3114
44 141 249
49 946 1001
16 2729 2781
29 2765 2821
64 1649 1772
41 317 376
22 887 946
