400
11 1699 1720
70 3351 3425
53 3411 3468
53 116 206
74 1442 1522
77 3269 3356
38 3457 3499
29 1605 1651
31 998 1075
74 311 398
30 2082 2177
18 3201 3224
43 1575 1630
11 1950 1976
38 2163 2233
8 1360 1385
40 373 438
8 432 502
54 2434 2505
32 2230 2298
21 20 40
49 2391 2447
36 971 1084
25 1145 1201
76 369 523
44 3585 3656
20 2367 2454
69 3063 3212
40 1348 1428
42 2474 2558
76 1851 1949
39 3611 3661
75 2230 2325
20 3502 3574
39 3141 3211
13 838 857
20 959 992
19 714 740
79 1540 1633
43 455 528
39 2129 2194
48 2137 2255
32 142 188
73 1747 1880
23 1372 1417
40 2091 2171
70 1668 1741
46 859 946
25 181 231
76 1009 1130
10 1024 1081
44 907 951
48 2521 2604
35 3006 3104
61 2273 2387
20 2043 2132
13 1350 1435
7 1235 1280
35 2483 2542
9 592 646
36 3637 3680
27 3129 3226
48 2992 3082
48 1259 1376
56 1196 1307
49 1207 1295
1 3706 3758
2 809 836
31 1545 1623
4 295 310
47 3136 3252
80 2394 2478
68 1628 1728
70 949 1071
52 2837 2962
31 618 724
76 1219 1352
22 1959 1982
61 2509 2643
15 1014 1051
33 887 928
33 478 522
23 1852 1914
23 3075 3156
10 419 490
11 3679 3697
50 60 151
19 1960 2001
17 199 280
77 68 173
59 2223 2360
72 2460 2571
42 967 1057
48 3683 3766
66 3319 3392
70 1735 1827
59 1880 1952
43 1618 1671
75 3287 3432
33 2901 2981
18 1120 1192
47 3594 3684
74 2049 2181
80 2621 2779
7 609 658
68 1366 1463
35 2015 2082
37 542 627
41 2904 3000
9 625 676
3 3559 3638
49 2127 2231
5 1462 1496
79 438 583
35 2441 2496
62 2129 2252
62 247 325
4 2653 2705
16 3576 3665
24 252 309
58 117 238
41 716 771
43 3346 3415
12 447 464
3 807 889
34 3412 3460
17 397 434
78 681 821
62 365 458
41 71 149
31 1473 1552
12 2336 2381
6 1408 1489
6 2343 2361
55 2630 2718
44 28 103
17 1164 1199
2 1967 1994
74 1436 1512
80 1789 1886
34 634 709
71 2253 2383
36 1791 1859
67 2309 2383
53 3010 3079
69 2832 2908
46 3733 3853
21 3264 3333
72 212 283
63 160 233
67 459 595
33 1963 2026
5 778 785
29 2004 2057
34 1754 1836
35 3139 3201
63 2984 3049
41 572 650
55 784 904
32 3698 3742
30 3705 3808
16 303 355
34 2913 2948
59 1803 1865
36 1888 1983
50 193 271
22 3454 3522
57 1854 1914
3 544 565
50 1383 1487
23 3701 3752
39 1015 1110
69 187 286
74 756 872
49 2354 2459
45 599 714
64 1661 1770
34 6 45
18 173 244
73 711 840
47 2414 2466
54 3633 3726
65 3205 3316
57 2941 3003
33 2348 2413
57 2245 2305
65 527 609
35 2139 2211
31 3325 3384
79 2227 2376
40 3545 3599
35 3328 3408
6 152 183
21 473 549
29 820 858
77 3067 3213
16 2076 2134
35 2723 2774
10 3157 3179
62 1787 1901
26 2113 2165
47 849 953
77 1690 1781
1 1564 1576
19 2960 3026
7 2179 2263
23 745 833
69 2757 2852
39 2386 2457
47 125 215
30 447 524
8 1948 2017
2 3134 3185
41 2809 2923
43 254 369
34 2807 2861
9 3599 3663
35 2708 2803
6 2190 2231
38 2378 2458
43 2401 2521
45 285 405
5 1265 1309
63 1053 1127
69 573 667
47 3108 3203
12 3598 3627
26 2450 2516
24 2672 2714
30 2023 2105
7 1258 1279
7 1673 1696
3 3351 3411
14 1122 1201
26 1333 1374
59 535 607
36 913 958
43 611 674
17 2716 2756
5 2905 2928
12 470 485
54 506 616
55 2489 2612
42 2169 2262
27 749 786
11 567 595
12 2929 3001
24 79 119
37 2955 3039
54 749 855
47 2203 2328
40 2104 2189
8 3268 3322
31 3514 3580
77 2121 2239
39 798 854
21 2320 2343
73 3373 3513
71 3727 3848
31 2587 2682
54 1316 1416
56 1031 1096
24 2821 2917
68 3099 3210
19 1603 1635
2 1509 1527
64 1332 1465
46 982 1077
73 445 563
42 2454 2541
57 863 997
25 1958 2003
77 2727 2826
60 2021 2082
5 878 906
47 865 918
49 532 651
21 1831 1905
14 3039 3119
37 2741 2850
14 2914 2981
46 2489 2601
47 2230 2335
29 893 952
42 2555 2636
26 1889 1949
58 1141 1233
31 2572 2610
75 1736 1821
46 3271 3379
17 950 1042
21 276 303
31 3385 3451
45 2864 2934
10 559 606
15 2175 2248
9 420 478
45 2126 2181
2 3302 3326
5 1976 2039
6 1970 1989
24 917 1017
10 2370 2415
54 3236 3357
55 2621 2717
80 2981 3105
22 2112 2142
7 217 253
5 1607 1688
9 226 255
48 3002 3062
58 3225 3297
38 3069 3173
13 3721 3776
75 2409 2560
66 1562 1674
68 1536 1620
53 897 979
5 3279 3354
51 2449 2544
3 3104 3153
12 1496 1555
30 1982 2036
6 3675 3728
4 474 512
15 3322 3393
53 1308 1411
10 2598 2672
29 432 489
49 1438 1517
17 3181 3219
63 1141 1249
78 1264 1358
68 33 174
10 3506 3561
49 967 1057
16 2855 2886
52 1730 1838
33 1008 1093
20 2310 2390
63 2512 2587
29 3659 3759
4 3701 3781
45 480 579
57 3005 3097
17 461 525
42 3708 3755
76 2400 2533
29 3191 3232
2 1733 1791
6 3374 3407
15 2258 2278
19 1582 1606
10 3588 3641
61 1607 1745
52 3210 3293
53 1671 1761
63 1430 1546
29 1732 1778
19 2034 2104
6 642 708
70 2249 2329
37 2521 2623
15 2904 2950
50 3546 3661
44 830 906
39 931 1032
29 2005 2092
62 2950 3075
5 412 437
29 1443 1487
74 2542 2641
79 2625 2745
43 3705 3823
47 2672 2737
32 2180 2253
66 531 633
43 472 550
8 3406 3490
45 2749 2846
31 2349 2417
35 1644 1737
40 2143 2218
6 1435 1477
22 799 889
61 3658 3720
22 2295 2341
47 411 496
66 1162 1288
16 3032 3126
55 2031 2154
11 395 433
2 2733 2759
72 1710 1848
73 638 775
52 2998 3117
51 108 230
48 3532 3610
54 3435 3543
71 1145 1284
