250
16 1447 1484
17 1062 1084
21 551 609
37 1061 1129
47 1286 1333
48 1162 1212
41 773 835
35 1278 1318
43 1242 1333
42 169 223
13 812 830
16 54 90
14 1009 1064
35 1492 1543
39 1291 1346
44 136 213
50 1423 1502
43 1067 1125
35 1525 1600
10 496 547
32 988 1066
50 1368 1455
20 806 860
20 963 994
21 569 600
42 462 536
4 998 1031
24 779 844
32 406 443
21 119 177
15 1414 1436
26 731 805
15 172 224
10 1217 1266
28 1072 1128
50 371 454
34 253 330
10 650 687
1 680 722
48 47 118
7 907 919
13 1449 1473
33 361 424
16 78 94
21 415 472
32 160 233
10 1124 1154
15 708 752
18 152 175
39 1262 1336
19 1190 1218
40 1366 1409
25 1593 1629
3 858 870
4 1559 1565
3 1298 1326
34 1475 1520
38 808 862
3 33 48
42 366 415
32 1383 1427
4 1214 1237
40 413 494
9 664 674
14 1652 1712
24 1300 1371
38 1101 1162
41 1011 1094
44 1639 1712
26 462 510
47 1102 1180
28 315 384
29 1606 1650
24 1020 1051
39 809 875
7 758 791
4 549 600
41 270 335
36 89 141
26 1629 1663
18 557 579
26 1510 1576
43 168 238
29 363 403
39 149 206
12 1268 1323
37 358 422
50 533 601
43 877 948
12 994 1049
4 115 131
33 665 714
43 158 208
46 1534 1603
4 1561 1566
40 913 978
9 577 597
11 916 946
39 1323 1406
33 334 397
31 278 318
7 1332 1356
7 288 336
30 910 961
29 1380 1452
28 416 453
48 979 1056
38 115 197
50 1269 1342
34 342 392
36 290 344
29 747 804
39 260 340
14 1301 1359
11 1028 1084
43 1092 1147
48 587 667
47 1270 1337
7 56 87
39 1604 1685
24 484 517
25 109 180
34 1354 1393
20 187 232
9 1566 1576
2 1656 1663
21 1376 1423
20 1291 1344
7 678 732
36 1116 1193
34 1401 1441
30 852 900
39 166 225
39 974 1040
32 892 964
49 444 519
6 764 809
50 477 573
37 203 248
48 953 1049
1 1509 1514
36 1463 1522
37 484 555
46 76 125
13 245 273
11 588 624
30 1624 1671
16 76 95
22 48 88
48 10 87
29 1545 1607
49 526 606
42 402 478
36 938 1017
47 1070 1126
43 1389 1435
9 1198 1209
25 1320 1352
7 564 582
14 943 986
44 259 327
15 907 959
18 656 712
50 1372 1445
37 161 198
43 658 740
27 122 196
37 506 546
20 1628 1692
49 125 183
24 1548 1585
35 1330 1391
47 609 658
45 322 384
26 1315 1369
25 241 292
25 844 871
25 819 887
43 1162 1205
35 519 571
8 1252 1289
42 842 896
35 785 825
46 209 263
44 791 882
22 416 453
25 1670 1719
40 448 505
29 1123 1161
25 723 776
26 466 506
18 663 704
30 1133 1188
10 479 509
42 235 292
23 143 173
5 347 378
23 331 357
46 1135 1223
7 806 829
22 8 46
31 660 693
33 1345 1428
10 1143 1201
11 1359 1376
30 1435 1513
39 1137 1196
34 1299 1341
47 843 896
9 370 403
6 86 132
21 1598 1669
18 1378 1443
9 1264 1308
43 911 993
39 637 677
16 1342 1382
9 1667 1696
43 123 181
1 965 992
5 208 218
23 893 938
44 602 682
32 447 485
9 878 924
42 427 500
43 1416 1499
23 1349 1395
40 1307 1389
39 713 764
7 1113 1161
38 55 133
15 904 961
23 1575 1622
50 53 143
14 133 165
45 716 765
12 861 920
22 69 134
1 575 616
21 498 554
28 1590 1625
30 824 856
7 295 327
6 178 212
42 87 134
37 504 557
7 1088 1127
5 788 813
40 818 861
