250
16 39 59
25 29 54
32 39 74
23 36 68
24 18 49
11 42 60
14 11 29
23 7 35
20 33 57
22 44 69
23 11 40
19 1 22
24 30 55
29 16 46
25 6 36
22 10 41
14 21 40
15 41 56
22 41 66
24 34 64
35 41 80
16 20 36
23 24 54
24 23 50
18 6 28
22 27 57
28 35 71
24 1 31
25 10 40
10 36 53
25 39 73
19 40 63
17 37 57
16 33 56
20 28 55
27 7 42
23 42 68
24 11 35
26 34 67
18 17 41
22 10 36
30 32 70
25 1 35
31 44 82
27 6 40
13 23 36
17 6 23
21 12 40
25 18 52
26 24 56
17 22 44
25 38 70
16 42 65
34 35 78
17 36 57
17 23 48
23 13 40
17 31 54
26 9 41
30 8 39
24 38 63
22 12 41
27 41 72
27 41 70
22 17 43
17 3 20
26 25 55
22 20 51
23 20 45
22 15 41
15 12 34
24 12 45
30 32 63
21 44 74
31 11 42
17 36 55
20 7 32
18 5 28
20 2 30
24 23 52
13 21 34
22 22 52
19 35 55
25 19 52
27 5 41
21 12 40
25 4 37
18 36 63
29 11 41
17 26 45
18 15 41
19 28 55
23 41 66
24 15 40
22 15 42
28 14 46
11 43 59
23 33 65
24 41 73
26 13 44
19 4 26
28 25 58
23 33 57
10 40 51
23 24 54
20 42 71
20 40 63
20 4 28
31 30 66
16 17 41
20 10 35
26 23 55
27 34 65
23 15 47
24 3 32
21 5 34
19 2 25
23 3 33
27 23 58
19 34 55
13 6 23
27 35 67
25 40 65
20 21 41
19 24 52
28 9 38
31 44 78
25 12 46
15 42 65
25 37 64
24 25 56
14 19 41
23 29 57
24 14 46
23 30 60
26 16 48
26 34 62
29 18 55
25 29 63
30 5 38
22 35 63
27 15 44
15 17 35
26 39 67
23 24 52
23 18 48
24 31 61
20 43 70
25 12 41
22 18 41
17 26 51
33 40 81
33 34 76
19 3 29
20 20 46
17 42 67
28 38 68
18 29 55
27 13 43
21 19 47
28 23 59
23 27 54
21 33 60
20 41 61
16 4 29
24 18 43
20 19 45
22 24 55
22 26 48
22 41 72
22 10 36
18 43 64
31 29 62
21 21 47
19 16 37
25 16 49
19 32 51
24 4 33
24 34 65
22 1 28
20 23 46
17 11 31
21 41 63
28 23 60
25 12 43
28 42 79
16 5 29
22 31 60
29 21 57
23 39 70
16 9 25
19 26 53
19 14 36
21 41 65
15 36 58
17 16 41
21 9 33
17 20 39
21 4 32
13 41 61
15 3 27
17 23 42
17 34 55
12 25 42
18 25 52
7 37 51
27 22 57
14 13 36
22 37 65
19 33 60
29 9 46
22 16 39
23 5 36
23 6 32
12 3 22
23 3 31
19 32 51
25 11 38
19 5 30
26 14 43
30 26 57
23 24 54
21 10 31
30 9 47
15 30 52
19 32 56
24 3 27
13 23 40
29 31 60
26 33 66
21 40 69
15 43 58
25 17 50
26 36 69
23 42 71
14 39 54
24 7 35
18 3 21
29 44 79
21 23 44
18 28 50
20 20 49
15 28 52
22 40 63
18 8 33
20 9 34
27 21 55
26 27 59
14 2 23
18 39 57
