150
29 11 48
44 48 99
39 46 94
48 67 121
40 7 52
44 46 97
41 14 59
42 77 123
31 80 114
40 71 117
50 34 88
45 25 74
28 44 73
41 21 67
37 64 109
34 1 36
39 78 125
33 68 106
52 5 62
40 17 63
45 64 118
38 23 63
39 5 52
47 47 101
48 80 136
46 15 64
47 43 96
34 66 106
44 43 91
45 66 115
22 58 88
50 74 133
30 60 96
38 43 87
42 5 51
42 1 48
44 51 101
41 14 64
48 23 73
42 54 98
37 8 48
34 51 93
44 38 82
33 81 122
37 38 82
48 37 87
33 51 88
41 30 76
40 62 111
36 37 77
42 48 96
39 74 120
40 75 117
53 25 80
42 45 87
48 74 122
48 3 52
37 23 66
49 5 59
40 44 88
42 42 90
39 76 118
46 31 84
40 4 44
47 32 84
34 45 88
44 38 89
41 29 75
42 6 56
35 46 86
52 39 92
47 76 124
42 42 87
52 59 118
46 52 103
37 78 120
46 26 80
52 25 79
53 49 111
31 41 72
37 49 89
46 50 105
54 39 93
34 58 97
32 37 70
36 30 72
36 50 87
41 35 82
42 37 83
38 26 71
44 70 114
41 34 77
38 20 59
33 33 74
39 37 79
40 19 67
38 40 85
33 82 118
44 28 73
44 48 100
39 15 55
44 8 59
53 51 113
38 40 78
42 47 96
40 36 82
43 47 98
52 47 102
40 27 74
38 12 58
39 15 55
39 19 67
45 41 93
37 42 80
38 10 55
44 51 98
50 14 68
39 78 119
41 63 107
37 2 44
35 51 89
54 33 95
33 29 69
46 60 107
47 58 114
46 54 101
31 80 113
37 42 86
31 43 74
35 38 76
38 33 75
41 59 104
29 37 71
31 7 47
33 52 89
41 10 56
38 13 55
46 17 63
36 77 120
38 75 116
39 79 119
37 51 92
41 26 71
40 17 64
39 55 100
39 39 78
45 82 133
34 45 86
41 15 59
36 65 109
