400
68 56 130
56 52 113
50 70 122
70 120 192
64 43 115
56 74 134
68 103 176
74 91 169
55 100 155
57 127 190
66 120 195
65 43 116
72 82 163
75 8 84
54 57 113
69 117 191
46 119 167
68 95 168
66 99 167
59 34 94
65 2 75
52 47 101
70 114 193
70 99 175
62 106 175
67 22 98
60 106 167
66 102 170
75 39 121
62 125 191
74 32 113
65 2 68
67 65 135
68 58 128
63 3 73
62 112 179
61 83 146
73 86 162
66 86 158
71 105 184
66 65 137
71 25 102
68 49 126
62 43 111
71 69 149
71 113 193
76 54 137
51 127 178
41 37 80
57 70 129
56 61 124
57 58 121
69 72 142
59 25 90
72 90 162
64 31 99
61 58 119
55 29 93
63 33 97
54 43 100
55 86 149
70 94 172
67 2 71
58 10 69
65 120 185
65 85 159
68 53 121
54 94 157
70 32 105
55 92 147
70 71 145
69 123 199
60 35 99
56 23 81
51 76 129
67 127 197
67 45 117
65 38 110
61 126 194
69 75 153
74 100 183
56 126 184
66 16 90
67 29 97
69 117 195
72 66 140
64 42 106
60 66 129
53 28 85
76 64 146
65 26 93
72 127 200
56 96 155
58 5 63
53 18 73
62 64 134
67 21 97
70 6 81
60 67 135
67 125 194
81 72 155
63 113 184
74 8 86
80 32 113
60 46 109
68 23 98
64 110 179
53 64 125
60 66 134
66 52 126
57 36 100
63 56 122
62 72 134
74 1 77
67 25 97
86 110 196
61 111 172
67 28 102
59 97 163
61 25 92
57 105 168
68 52 129
56 26 82
51 107 160
66 104 174
59 108 174
56 8 73
55 64 122
62 9 76
63 112 178
58 42 109
67 105 175
67 68 137
78 22 101
78 32 119
60 4 72
66 72 143
78 59 145
63 94 166
63 57 121
56 8 68
53 24 80
58 13 71
55 67 129
52 72 132
67 15 86
66 111 182
58 84 142
57 68 126
55 47 108
61 81 142
47 87 138
65 20 94
65 31 98
70 48 118
64 79 149
74 104 185
64 107 175
56 101 161
67 17 86
70 33 106
51 41 95
66 82 150
62 105 175
67 95 169
61 20 85
53 77 136
67 5 78
55 17 81
73 6 85
56 25 84
59 56 120
72 39 117
67 34 103
77 41 124
73 35 109
63 124 188
55 22 86
56 98 155
67 84 156
57 70 132
66 3 77
65 37 106
59 46 107
70 46 124
57 2 61
60 87 147
72 68 141
53 20 73
64 45 109
63 62 125
67 71 141
63 90 160
60 59 121
68 119 193
68 93 162
58 100 162
59 121 186
65 13 80
61 94 157
69 118 195
62 96 164
61 14 77
63 2 70
58 96 155
61 127 188
59 77 140
66 127 195
54 126 187
58 63 123
78 126 207
56 74 134
80 80 169
73 53 130
71 126 205
59 23 82
51 11 68
64 83 151
59 67 126
66 33 108
72 97 175
59 72 133
55 37 95
56 81 140
69 71 142
68 56 130
56 57 119
65 69 137
52 114 170
64 56 124
66 86 153
72 120 195
70 99 174
62 53 117
61 108 169
66 104 176
63 41 106
57 90 149
55 45 105
59 69 135
65 95 161
62 20 87
59 36 97
53 5 67
71 32 104
70 28 104
65 56 124
63 41 113
58 6 67
73 37 112
68 64 140
56 26 84
61 50 120
76 111 191
69 55 124
61 88 156
58 32 97
61 116 182
62 75 144
73 112 189
68 106 180
51 98 158
45 100 154
75 91 173
59 24 92
81 55 141
61 31 100
79 115 199
61 98 161
66 33 106
58 118 181
72 30 111
64 73 138
71 74 148
61 74 136
75 6 83
66 93 167
65 27 98
63 78 144
64 28 94
61 98 161
56 1 58
69 61 138
60 8 72
48 28 78
65 70 142
65 66 133
59 78 141
70 110 183
74 96 179
71 62 142
63 69 140
57 126 186
74 7 88
79 47 129
58 56 117
62 32 94
67 63 138
66 98 165
57 66 125
70 47 118
58 110 176
54 9 68
50 10 64
72 55 129
68 43 120
71 89 165
58 86 150
64 51 122
75 13 95
57 87 145
45 105 159
57 84 141
69 81 157
65 112 186
63 72 138
81 80 167
46 90 136
67 16 84
78 14 97
63 86 153
78 1 79
77 113 193
64 47 117
56 101 164
68 48 125
68 121 198
69 29 100
51 97 155
76 79 156
68 121 193
72 116 190
56 112 172
60 8 75
66 85 157
61 21 87
76 84 162
67 30 105
57 43 106
62 2 69
64 21 85
55 81 141
51 47 98
46 7 56
68 34 111
59 118 181
76 30 115
55 64 127
63 34 106
46 55 102
61 82 151
66 42 115
66 8 81
53 12 69
56 33 89
50 37 92
57 39 97
61 125 192
71 4 81
62 66 133
68 82 155
75 48 132
59 2 69
51 63 116
63 88 151
78 10 95
59 81 141
63 46 112
63 117 189
73 82 160
67 42 118
66 58 129
63 29 97
50 122 180
58 50 112
94 74 177
60 105 169
62 116 180
64 127 196
69 4 78
62 51 113
58 25 88
67 42 114
66 76 150
58 70 129
54 25 82
68 21 97
59 91 151
61 14 77
72 101 181
73 98 173
74 122 196
52 79 140
68 57 126
64 112 179
63 35 104
72 39 112
59 40 102
60 20 85
73 30 109
