350
42 30 75
28 61 90
42 27 69
39 4 44
33 28 62
31 53 89
31 53 87
44 6 54
47 34 90
48 15 71
33 4 45
49 13 65
42 21 68
42 12 58
33 19 60
37 11 49
38 61 106
29 38 67
23 21 46
35 55 93
48 51 106
30 46 76
21 7 33
36 59 95
30 44 77
36 63 102
34 4 44
40 12 55
37 33 73
43 32 76
45 61 106
39 70 112
35 52 90
26 67 93
25 67 101
36 60 102
32 17 52
31 40 75
41 41 85
29 41 79
42 12 58
43 57 109
37 9 53
37 56 99
36 29 68
36 62 106
34 43 86
27 52 79
35 17 59
40 50 94
32 35 75
35 3 47
38 1 41
26 8 42
36 8 53
30 37 70
32 43 78
48 6 59
31 27 59
28 3 31
32 12 49
36 34 76
34 19 53
35 16 53
36 61 100
36 21 58
34 53 91
34 65 105
49 45 95
39 15 56
31 3 39
45 46 94
34 37 75
36 23 64
30 5 38
30 30 65
37 50 93
31 44 83
45 32 85
37 21 66
32 13 46
34 57 99
38 14 57
27 30 57
33 20 59
44 51 104
31 48 87
23 9 41
31 27 67
35 20 63
28 59 90
34 29 70
40 56 105
29 20 58
39 20 62
39 66 111
38 58 100
46 5 55
41 35 83
33 8 46
34 13 51
30 4 37
45 18 69
30 4 34
40 27 67
33 46 83
38 1 48
31 25 60
34 3 43
39 12 57
33 43 79
26 55 90
33 15 52
36 5 45
32 51 88
37 30 70
38 46 93
33 61 94
36 29 72
29 16 47
31 55 95
35 30 73
33 38 71
34 10 50
40 36 81
31 21 52
33 27 69
31 46 86
28 34 66
37 60 104
24 18 45
36 8 44
26 50 84
39 22 70
35 69 110
37 20 59
37 37 76
31 57 89
49 44 95
39 18 62
38 42 85
43 70 121
32 34 75
18 3 25
33 48 84
37 39 77
32 45 86
43 68 113
35 60 103
31 3 36
43 43 86
26 38 66
37 37 76
37 47 92
30 56 87
26 40 75
26 62 91
33 5 40
31 38 70
31 41 76
38 62 101
34 45 86
26 42 72
29 69 103
31 69 105
34 28 67
35 27 63
34 20 60
38 52 95
36 22 62
41 49 91
33 30 67
29 36 70
32 53 92
33 62 99
39 45 93
31 27 61
34 68 109
39 15 61
29 23 59
29 16 52
37 8 52
35 32 72
41 30 75
35 64 99
36 44 80
20 65 93
30 2 36
35 29 66
24 48 81
32 14 51
29 26 64
40 4 51
32 19 59
38 52 98
34 62 100
36 8 51
36 66 105
24 49 76
38 40 78
35 36 71
40 14 55
35 24 67
36 10 47
31 16 50
27 53 81
41 2 43
37 36 77
38 24 69
28 7 35
23 27 51
36 33 76
39 30 77
31 63 101
30 69 100
30 5 35
41 27 77
35 2 37
33 47 86
23 5 31
32 52 90
46 11 58
37 18 62
33 69 108
30 47 82
49 16 65
39 12 60
32 52 88
40 42 84
46 13 62
35 33 73
40 10 50
29 44 80
38 52 92
38 56 94
39 35 81
20 54 81
34 15 55
39 40 88
29 19 49
32 20 57
36 37 74
29 8 39
44 45 89
41 25 66
29 45 78
26 47 79
29 49 80
43 64 110
39 27 74
37 47 90
42 16 61
26 63 94
33 67 101
31 15 48
37 13 51
40 60 109
45 65 110
30 65 97
32 15 48
45 30 77
34 70 112
30 52 85
33 47 88
35 25 64
29 48 80
34 20 55
41 1 42
34 35 74
36 64 107
32 21 62
40 39 83
29 7 38
35 2 38
38 59 97
37 30 71
40 55 102
38 4 51
48 30 82
28 57 86
38 30 77
28 2 39
28 27 60
25 68 93
41 49 95
29 19 57
37 6 47
37 51 89
37 4 50
29 1 38
36 29 74
31 62 94
28 55 91
41 10 57
43 43 93
41 22 70
44 52 102
39 68 116
29 12 47
42 1 51
28 28 60
22 44 74
23 58 88
34 10 53
39 39 79
30 21 55
37 60 104
36 1 40
44 64 111
38 57 100
29 27 59
41 64 110
30 28 59
38 42 89
37 9 53
39 5 46
30 22 54
35 10 48
34 69 110
44 36 86
36 9 51
38 14 52
35 54 89
24 5 38
41 45 89
24 49 78
36 56 94
37 65 109
27 53 81
34 61 95
27 15 47
35 38 73
28 13 43
37 48 88
39 24 72
28 9 46
28 64 94
32 25 63
40 12 61
31 70 108
39 32 73
38 29 75
27 7 41
37 17 60
56 55 116
34 66 100
30 42 72
35 66 103
40 32 81
39 10 54
