500
53 57 115
57 56 115
53 76 129
58 70 136
52 76 137
50 44 96
50 56 115
41 27 72
74 77 160
45 42 91
49 81 139
57 86 152
39 95 138
42 14 59
59 79 143
47 50 98
53 41 102
45 40 93
58 30 96
57 58 124
59 76 141
46 7 53
48 36 85
48 12 67
60 89 153
54 7 69
48 15 68
41 24 73
52 69 122
52 69 121
58 24 91
53 56 112
58 38 100
44 71 116
49 100 149
52 47 101
52 68 120
57 14 75
59 23 83
44 12 61
46 3 54
51 21 78
53 25 79
43 30 76
75 14 98
41 97 145
48 35 88
40 78 124
52 19 74
58 8 70
62 16 83
53 58 117
52 43 102
55 100 156
65 14 85
53 70 131
69 7 76
53 79 137
54 68 125
66 34 103
67 6 78
57 94 152
45 60 113
53 9 64
50 28 79
56 56 119
40 103 147
45 46 92
65 26 97
57 46 108
58 69 134
53 46 99
46 90 138
52 66 120
46 4 57
60 2 64
43 58 105
52 10 67
49 78 131
68 36 107
63 62 129
64 27 100
53 6 65
44 78 130
53 103 164
47 72 124
51 88 139
43 24 74
50 8 64
43 18 64
55 21 77
53 41 97
47 53 100
44 71 123
55 30 92
46 82 137
57 36 99
59 13 78
46 87 136
45 104 156
47 37 91
67 93 162
48 51 104
42 33 78
45 76 127
54 10 68
54 91 148
52 67 124
53 75 133
60 9 77
51 89 144
47 9 62
61 50 120
49 49 107
53 87 142
57 23 86
47 73 121
58 42 105
57 90 150
59 51 112
53 18 79
41 79 122
51 90 144
54 68 124
65 73 144
51 101 159
53 1 59
47 60 109
56 13 71
59 83 142
57 33 97
49 64 117
46 94 147
57 42 103
60 1 66
47 12 61
40 102 145
54 61 122
49 46 100
57 48 114
51 66 119
45 87 134
47 83 132
50 24 77
50 8 59
49 9 66
47 99 154
50 45 104
52 9 65
54 19 82
52 91 152
57 7 73
46 5 55
52 87 146
49 67 124
59 36 96
51 43 99
47 11 59
65 59 126
56 79 136
51 64 120
45 37 86
60 40 102
64 36 102
48 93 149
52 70 127
49 86 144
53 80 140
51 19 77
51 58 116
53 68 125
42 43 87
59 95 159
55 28 83
55 21 82
41 7 52
65 16 90
52 76 133
67 35 111
61 39 109
54 62 116
50 50 105
50 100 157
49 75 126
45 35 83
47 41 97
60 55 116
50 64 118
54 35 96
50 71 121
54 5 65
51 66 119
46 5 52
45 65 114
43 90 135
47 76 123
54 97 152
38 49 95
42 67 111
47 52 99
58 57 122
52 82 136
51 94 153
48 1 52
60 50 116
42 95 138
51 15 68
58 86 151
59 74 135
48 17 73
58 23 90
61 30 98
49 1 53
61 56 118
51 93 151
61 47 109
52 97 158
54 30 84
46 55 101
47 25 73
48 72 123
35 89 124
61 79 148
48 46 99
51 83 140
48 48 96
45 16 61
70 17 95
38 74 117
48 34 86
55 47 110
46 17 71
56 72 137
53 36 96
59 36 102
55 93 151
55 18 81
72 1 79
39 104 146
53 54 114
53 29 88
61 81 142
44 79 131
51 98 153
56 49 110
59 53 121
64 21 86
60 5 70
56 98 160
57 54 117
46 66 113
44 103 151
55 11 75
52 91 151
71 8 81
53 11 69
56 35 98
67 49 121
53 25 86
47 27 81
49 90 146
47 66 114
50 51 106
67 71 145
55 82 140
68 89 160
65 21 90
46 13 65
59 72 140
53 58 120
53 1 57
56 47 109
54 33 93
48 12 61
43 74 125
51 58 109
69 31 107
58 24 85
66 13 84
51 59 117
53 68 121
52 97 155
58 33 92
48 17 67
70 100 179
46 99 153
59 88 156
59 56 124
46 68 116
48 5 56
57 70 135
56 74 131
64 103 170
51 57 110
42 38 85
50 37 88
56 5 63
67 89 162
69 82 156
53 97 151
46 11 62
39 81 126
39 82 127
47 17 68
49 48 102
54 1 58
48 9 62
49 15 70
42 83 132
49 2 51
50 44 95
49 81 136
53 88 143
58 45 111
54 100 162
59 64 124
43 34 78
51 1 56
46 17 67
49 62 117
50 15 70
63 12 83
48 22 73
52 37 89
49 1 58
43 14 65
50 82 137
48 36 89
41 41 90
40 19 65
48 18 72
75 3 79
53 28 86
47 103 151
54 18 80
43 27 76
50 72 128
51 17 76
51 59 113
55 56 114
45 101 149
54 82 137
61 3 64
48 1 55
50 13 63
51 45 104
49 10 59
60 76 141
41 94 144
58 6 64
57 25 84
61 60 121
42 100 149
54 45 101
38 42 89
57 53 114
58 25 84
54 2 60
72 85 166
57 35 101
47 103 157
58 72 139
62 55 120
53 57 116
54 91 154
51 84 139
58 26 93
55 69 128
53 97 158
54 52 106
63 81 145
41 94 141
49 12 69
50 41 94
58 82 144
57 1 66
48 12 66
44 23 72
56 4 63
59 68 135
49 39 94
49 42 97
56 96 161
57 83 144
66 19 91
44 1 48
42 42 90
57 97 159
45 95 148
51 52 103
38 103 144
48 60 113
60 55 124
63 103 166
51 94 149
48 3 53
51 47 101
51 103 155
51 1 60
49 49 106
48 4 54
60 57 117
55 98 162
63 17 80
52 64 117
50 103 159
52 8 68
37 81 118
58 45 111
46 20 71
58 97 155
43 81 126
46 86 138
53 45 101
49 103 157
45 83 130
57 59 122
50 80 138
59 22 85
51 66 119
50 11 63
47 22 69
42 89 131
59 12 72
52 97 157
53 66 121
57 34 95
53 34 93
48 41 94
51 88 146
59 96 164
64 13 77
64 9 79
47 25 72
45 24 78
46 24 75
54 98 154
44 52 105
47 62 109
61 26 91
56 47 111
49 52 101
54 11 74
47 90 137
59 27 94
38 30 77
62 38 108
58 27 88
53 12 66
43 1 45
57 77 141
55 40 102
46 60 112
45 5 52
52 51 103
59 62 124
45 76 126
53 38 96
58 81 146
58 94 158
47 56 112
58 81 143
63 63 130
53 1 60
56 96 156
48 91 147
51 17 76
56 4 67
61 26 89
50 47 97
53 84 142
51 36 88
34 51 88
48 22 74
43 71 116
51 57 116
60 53 113
58 21 81
50 21 71
49 52 110
49 23 77
63 12 79
42 103 154
41 42 91
42 18 68
49 44 97
60 20 81
38 64 107
55 40 99
47 102 156
44 51 96
50 54 104
62 5 71
48 16 70
52 69 121
60 31 92
71 88 166
57 104 165
64 45 111
50 5 63
