450
29 43 72
26 23 51
23 35 63
22 37 67
20 33 62
21 25 52
30 50 86
17 21 43
28 16 52
26 32 59
23 35 60
27 23 58
33 6 44
24 35 64
20 39 60
22 39 70
29 26 55
19 46 68
20 32 59
21 17 46
18 29 50
29 7 42
30 3 36
22 5 30
31 10 41
25 17 43
36 42 79
28 22 52
24 24 49
21 7 29
34 42 77
21 42 65
22 5 30
29 15 52
27 4 38
28 6 37
23 30 60
24 45 76
27 36 71
27 35 63
17 27 48
19 23 46
25 30 61
25 9 35
27 49 78
26 24 53
25 22 56
30 12 46
31 35 68
26 6 35
32 41 81
19 15 41
26 32 62
29 22 51
33 5 44
19 46 67
27 1 33
28 13 44
26 43 70
19 26 46
32 21 53
30 34 65
20 47 69
23 34 60
24 26 55
18 28 55
34 37 75
19 49 75
30 27 57
28 2 38
23 20 50
22 44 67
34 37 75
26 27 59
35 27 62
25 17 43
21 32 62
25 13 40
30 18 52
27 35 66
22 13 35
32 23 64
25 44 77
25 35 64
27 11 39
23 13 39
29 28 64
32 38 77
23 27 51
30 13 51
26 17 45
33 40 82
28 49 80
23 29 56
20 39 67
19 48 75
26 43 71
31 21 55
25 41 69
24 26 50
28 15 43
21 52 81
22 18 44
31 39 76
26 47 81
29 47 78
26 42 70
21 29 52
20 10 39
29 15 46
21 37 66
22 33 57
27 29 60
29 29 65
27 20 50
23 50 80
15 45 66
23 21 47
28 48 77
27 1 28
28 13 50
37 25 64
25 16 42
26 36 67
24 37 67
26 13 44
22 32 58
18 45 67
28 12 40
23 47 79
32 30 67
25 50 81
25 35 63
18 46 66
31 10 46
17 29 52
20 41 64
18 44 68
25 39 71
25 47 79
29 12 45
21 37 65
17 16 37
28 1 33
26 2 32
26 23 54
17 38 58
28 7 39
22 14 45
26 6 35
21 7 33
24 10 38
26 18 47
27 39 72
29 37 68
22 47 78
23 37 65
20 38 65
23 18 43
20 29 54
29 52 90
40 41 82
31 52 90
33 1 36
17 47 66
19 45 70
33 31 64
28 33 69
20 50 71
28 6 36
21 9 31
24 11 39
24 9 37
19 16 39
21 2 23
26 12 46
33 18 54
26 14 43
22 37 65
30 24 60
26 8 37
29 39 75
29 46 79
26 18 47
22 11 42
23 21 53
24 52 77
24 9 42
15 40 60
28 11 43
30 43 76
21 31 56
29 24 61
29 1 39
30 36 73
25 23 51
22 34 65
26 48 82
32 9 44
28 20 55
27 19 46
25 16 45
29 28 57
26 30 65
22 10 32
24 20 53
27 9 37
18 14 34
20 50 71
23 1 27
26 26 52
28 2 39
24 1 33
25 25 53
32 20 59
20 4 25
25 8 40
28 27 56
32 21 61
29 2 32
24 19 48
33 13 47
23 37 63
15 48 68
25 28 60
25 44 77
20 38 66
25 7 34
25 4 37
23 16 45
26 46 73
26 38 66
30 43 81
27 43 71
31 33 69
28 36 64
18 15 33
34 40 80
20 22 46
27 2 35
23 13 40
28 25 61
22 21 47
30 52 87
29 5 36
32 35 68
28 35 63
21 33 61
31 24 58
29 3 39
26 35 68
23 25 53
28 6 35
25 12 38
26 36 66
30 48 87
22 15 43
31 29 60
38 50 94
24 29 53
20 31 59
27 17 50
25 12 42
21 34 57
35 11 50
27 18 54
42 28 76
21 40 68
25 51 84
34 5 46
27 48 77
27 9 44
23 28 51
25 38 67
27 33 63
27 48 84
27 17 52
17 2 26
26 24 56
20 45 74
29 32 65
27 2 29
20 30 55
19 39 61
21 52 75
37 35 78
25 33 61
26 30 62
25 42 71
18 18 43
26 43 72
15 39 55
31 49 88
26 14 44
33 23 65
17 37 61
23 15 40
21 23 50
29 1 30
28 39 68
29 31 60
25 14 40
27 40 70
26 11 44
23 39 67
19 15 37
25 23 49
32 23 60
33 41 82
27 6 42
27 18 51
21 19 49
25 8 41
25 43 71
22 44 74
19 15 34
24 45 70
27 19 51
28 44 80
31 3 40
32 52 88
28 35 65
20 13 39
30 39 75
22 10 40
34 8 45
24 40 65
25 2 31
20 10 30
28 15 43
27 15 50
27 37 72
28 43 75
32 44 82
18 34 57
21 31 57
23 1 31
20 29 58
13 38 60
32 8 45
26 9 35
22 2 32
28 38 66
30 4 37
24 35 60
26 40 73
18 51 77
30 18 51
30 43 75
34 35 78
29 4 40
25 43 75
28 34 68
17 6 23
23 10 34
31 9 41
24 48 72
30 51 86
41 35 78
22 15 37
13 13 29
33 5 43
17 31 53
34 21 63
21 34 56
27 3 36
23 29 52
33 34 69
14 47 70
33 28 61
28 44 73
29 4 34
22 44 74
23 11 37
22 20 51
33 11 49
29 50 79
23 42 67
34 23 57
33 39 73
28 48 76
31 40 76
28 30 61
18 29 54
30 36 73
31 16 50
26 16 42
40 31 72
26 5 31
33 42 75
27 8 41
29 37 67
17 52 78
19 15 40
30 8 47
22 36 58
18 33 52
20 14 38
24 38 68
26 39 74
22 40 66
16 23 46
27 50 78
27 26 57
30 2 32
26 40 66
26 3 33
31 25 61
27 8 42
26 24 51
18 41 59
17 4 25
30 20 58
24 2 32
36 22 61
29 6 44
23 37 62
38 52 90
29 39 68
32 38 74
26 9 42
20 38 59
20 10 35
27 3 32
29 6 37
37 9 49
24 11 41
19 42 61
20 31 51
29 34 70
33 28 65
23 4 29
23 18 42
31 47 83
25 35 61
23 19 50
29 21 55
19 10 33
31 44 83
24 26 54
19 42 61
18 51 72
26 49 79
21 10 40
33 1 43
22 16 46
23 27 59
24 9 38
25 6 32
30 20 52
