100
35 56 91
32 73 112
48 68 118
34 68 102
53 39 100
38 29 72
35 69 108
43 67 115
34 5 43
43 67 119
35 51 94
29 33 64
38 68 112
38 44 90
38 1 46
29 74 112
40 61 109
34 18 55
39 24 70
39 59 106
46 57 112
36 54 92
31 62 100
25 75 109
35 35 74
44 61 110
42 73 116
33 44 78
37 62 102
40 21 68
33 55 94
36 21 63
37 54 96
39 22 66
42 9 56
33 11 52
38 67 112
42 27 71
33 14 50
33 18 53
36 27 68
30 52 83
39 35 78
32 35 71
35 30 72
43 60 108
36 22 65
34 21 64
37 45 84
40 54 100
38 9 52
31 70 108
44 58 102
44 49 95
49 73 125
33 16 53
44 28 76
47 1 57
42 65 116
37 38 84
57 65 124
48 9 61
36 70 111
31 2 34
29 16 50
44 49 95
26 21 47
32 18 53
43 29 78
31 63 97
36 47 88
43 49 99
34 50 87
42 3 50
34 6 45
41 65 106
35 61 104
45 65 115
39 18 66
38 52 90
43 10 62
41 27 69
40 24 71
39 9 56
39 52 92
36 53 89
38 71 117
25 65 95
32 53 85
41 27 69
39 63 104
40 40 80
32 75 108
27 71 103
42 75 119
41 75 117
40 32 74
29 41 76
28 52 81
30 53 85
