200
45 11 63
48 91 140
44 71 120
52 71 130
55 27 84
53 34 94
51 25 78
55 44 101
53 90 147
45 21 69
38 48 89
58 86 153
56 27 84
42 20 68
42 11 61
43 51 94
52 5 65
50 61 117
60 25 89
41 13 60
37 78 116
42 86 137
41 29 76
49 68 122
39 89 132
43 50 100
38 85 124
54 93 151
53 84 140
53 50 110
44 19 63
44 52 99
55 11 73
39 86 131
36 17 54
49 74 131
47 72 123
46 7 55
42 37 88
57 30 91
45 80 132
43 34 82
57 85 146
40 5 47
45 18 68
51 51 108
49 3 59
57 3 60
57 89 151
55 60 122
48 89 140
37 19 65
39 34 79
48 16 68
48 67 116
36 73 116
48 69 123
37 5 51
45 55 106
37 44 86
48 28 83
45 46 93
47 88 143
44 21 70
44 45 91
44 34 80
46 48 95
49 55 113
34 41 80
36 26 63
42 46 89
56 93 150
44 60 113
48 22 73
50 81 135
56 79 139
64 93 165
47 81 130
42 13 59
46 10 65
37 30 72
61 49 116
47 65 118
41 6 51
55 68 124
46 76 123
55 39 97
65 50 121
45 32 77
41 4 47
42 4 53
45 85 134
49 37 90
50 31 81
41 6 49
43 60 109
43 38 90
44 9 59
64 37 107
44 94 145
42 41 91
54 41 97
47 91 144
48 74 124
42 41 91
32 18 51
51 37 92
41 88 138
38 85 124
38 47 91
49 65 118
43 45 97
50 59 115
47 53 102
42 68 118
46 14 62
40 48 96
42 26 71
51 42 100
43 25 72
48 88 145
59 11 79
57 85 146
42 51 102
55 64 122
42 90 139
41 86 135
42 35 82
55 55 119
58 64 128
56 41 105
49 7 59
55 53 117
36 37 75
49 40 96
50 91 148
41 57 100
43 88 131
41 12 61
44 30 77
51 35 88
57 23 80
41 59 103
48 4 54
44 91 142
51 89 147
39 17 65
46 35 88
48 2 55
36 49 87
46 68 117
53 6 68
54 54 113
43 66 111
40 26 66
46 52 103
38 60 106
57 38 102
59 9 75
48 47 103
45 60 113
53 1 62
47 18 66
42 33 76
48 58 114
31 45 80
55 78 139
56 9 73
44 37 85
50 59 111
43 77 128
38 65 109
58 11 75
39 12 56
50 9 65
50 38 91
47 47 98
46 31 81
47 63 113
42 2 47
46 60 112
40 65 105
59 44 106
40 88 132
47 78 132
36 10 53
51 64 123
46 75 121
42 86 130
45 86 138
37 85 124
47 29 78
51 20 72
40 10 57
41 10 56
61 36 106
51 20 77
49 74 130
35 16 60
62 1 65
