300
52 107 163
64 79 146
72 33 110
71 26 99
58 54 121
70 71 143
77 90 175
59 57 118
61 45 106
61 26 91
75 100 178
42 5 48
61 47 115
52 107 164
69 120 195
53 108 168
70 44 114
62 39 110
72 36 111
56 6 63
63 64 127
67 106 174
74 116 198
74 36 118
69 119 191
67 40 108
65 6 72
73 51 125
60 41 101
63 62 125
65 5 79
56 111 173
55 55 119
58 33 91
63 12 76
67 90 157
71 98 171
51 22 73
78 94 177
55 34 92
67 120 196
72 126 202
60 68 131
55 33 93
55 24 81
60 86 155
65 114 186
75 104 181
55 4 60
57 54 118
66 48 120
73 11 84
67 22 95
59 101 164
66 36 105
70 111 184
60 55 117
72 28 102
72 126 207
65 89 157
59 51 111
69 67 145
71 8 85
49 114 164
72 91 166
60 44 108
60 11 72
58 48 115
60 71 132
53 121 178
59 46 108
67 21 90
55 8 66
60 126 191
54 40 98
64 21 93
59 56 118
65 113 185
86 74 165
63 27 91
58 85 146
65 116 188
77 95 173
76 28 108
83 59 151
66 4 71
71 105 180
56 83 142
64 114 184
58 35 101
60 14 75
59 16 77
64 83 148
61 34 104
64 92 161
67 2 70
62 58 125
73 57 131
77 76 153
60 23 92
53 22 83
75 26 105
72 78 158
61 10 75
73 90 164
62 53 120
70 48 121
59 87 153
74 96 171
54 44 98
77 79 165
55 87 149
65 106 173
71 85 157
64 119 191
62 30 100
58 89 151
62 13 75
65 35 101
77 115 201
81 29 113
61 99 162
59 106 172
55 125 183
52 46 100
62 113 180
75 90 172
67 23 93
72 78 150
65 10 78
70 31 108
64 88 153
68 10 79
58 120 180
60 56 118
58 87 153
69 94 163
60 126 188
68 4 73
65 97 168
58 24 90
69 43 117
57 51 114
65 28 98
58 41 102
71 23 94
63 86 153
67 4 80
60 62 126
60 91 159
66 86 153
59 30 96
61 120 183
67 36 109
64 20 93
65 83 151
67 36 106
64 73 142
63 26 94
49 95 153
58 7 66
61 13 83
68 45 122
69 26 103
74 101 176
78 109 188
71 26 97
61 68 136
55 125 186
67 60 127
53 120 175
70 61 137
55 108 164
68 79 148
63 28 91
59 46 107
70 6 82
62 12 83
59 97 163
69 107 182
60 105 168
62 110 172
70 12 83
72 88 166
48 83 139
61 18 88
63 113 179
59 86 152
54 37 91
61 62 125
60 20 88
80 106 192
58 62 125
65 50 118
61 20 87
62 125 188
53 16 75
55 67 125
60 49 117
64 47 113
75 117 192
65 40 105
68 93 164
52 43 101
58 85 148
61 90 157
71 72 145
58 82 143
73 10 90
74 5 83
63 14 80
52 83 142
54 56 112
61 10 76
54 64 127
56 48 105
53 74 136
70 54 130
58 47 112
68 59 134
72 50 131
69 40 110
68 93 167
72 99 174
61 89 156
67 110 177
66 112 187
77 114 192
61 82 147
52 112 170
54 85 147
71 99 171
71 36 110
66 97 167
77 92 170
76 4 89
58 56 116
84 42 127
67 90 160
61 30 97
61 125 192
59 83 144
64 17 83
68 109 180
61 55 116
70 14 86
64 103 174
67 11 86
54 69 129
66 13 88
63 46 113
62 123 187
56 95 153
60 102 168
60 1 63
58 2 69
72 124 205
71 61 141
56 38 95
68 21 96
68 56 130
61 116 179
51 18 69
66 126 193
65 31 100
76 1 84
67 115 183
57 29 90
60 15 84
65 34 104
58 58 119
63 102 171
64 61 132
53 120 173
66 45 116
41 40 88
66 14 84
58 86 147
52 50 109
66 36 110
51 7 67
66 29 104
55 26 83
62 81 144
63 32 102
66 93 163
49 102 156
68 5 78
52 103 164
76 109 193
69 44 116
50 64 121
59 9 77
70 80 159
69 99 170
67 6 74
57 62 127
71 92 165
56 42 105
53 95 153
